28400000 28401000 : 21.152115211521153
2840000 2840100 : 0.0
28400000 28401000 : 21.190261496844006
28400000 28401000 : 21.17117117117117
28400000 28401000 : 21.17117117117117
28400000 28401000 : 21.17117117117117
28400000 28401000 : 21.17117117117117
28400000 28401000 : 54.08586165353987
28400000 28400010 : 43.35989375830013
23800000 23800010 : 0.0
24800000 24800010 : 0.0
25800000 25800010 : 0.0
26800000 26800010 : 0.0
27800000 27800010 : 0.0
28400000 28426078 : 210.6066394134125
283000 283010 : 1.0362694300518134
2830000 2830100 : 17.276051188299817
24300000 24310000 : 273.4078652848915
24310001 24350000 : 298.6393113970016
24350001 24400000 : 258.5967572321012
24400001 24500000 : 264.949698613305
24500001 24600000 : 288.717403512477
24600001 24700000 : 265.83061779391664
24700001 24800000 : 271.1426192370134
24800001 25000000 : 280.71995993384553
28888888 28888890 : 0.0
29100000 29100002 : 0.0
28873388 28873389 : 12.922347362181386
25000001 27000000 : 301.97379725334736
27000001 27000002 : 0.0
27000001 27000002 : 0.0
29000001 29000002 : 0.0
